{
  "asset": {
    "generator": "COLLADA2GLTF",
    "version": "2.0"
  },
  "scene": 0,
  "scenes": [
    {
      "nodes": [
        204,
        0
      ]
    }
  ],
  "nodes": [
    {
      "children": [
        203,
        202,
        201,
        200,
        199,
        198,
        197,
        196,
        195,
        194,
        193,
        192,
        191,
        190,
        189,
        188,
        187,
        186,
        185,
        184,
        183,
        182,
        181,
        180,
        179,
        178,
        177,
        176,
        175,
        174,
        173,
        172,
        171,
        170,
        169,
        168,
        167,
        166,
        165,
        164,
        163,
        162,
        161,
        160,
        159,
        158,
        157,
        156,
        155,
        154,
        153,
        152,
        151,
        150,
        149,
        148,
        147,
        146,
        145,
        144,
        143,
        142,
        141,
        140,
        139,
        138,
        137,
        136,
        135,
        134,
        133,
        132,
        131,
        130,
        129,
        128,
        127,
        126,
        125,
        124,
        123,
        122,
        121,
        120,
        119,
        118,
        117,
        116,
        115,
        114,
        113,
        112,
        111,
        110,
        109,
        108,
        107,
        106,
        105,
        104,
        103,
        102,
        101,
        100,
        99,
        98,
        97,
        96,
        95,
        94,
        93,
        92,
        91,
        90,
        89,
        88,
        85,
        82,
        77,
        70,
        43,
        34,
        25,
        21,
        17,
        13,
        9,
        5,
        1
      ],
      "matrix": [
        1,
        0,
        0,
        0,
        0,
        4.4896641959724086e-11,
        -1,
        0,
        0,
        1,
        4.4896641959724086e-11,
        0,
        0,
        0,
        0,
        1
      ]
    },
    {
      "children": [
        4,
        3,
        2
      ],
      "matrix": [
        -1,
        0,
        -8.979318677493353e-11,
        0,
        0,
        1,
        0,
        0,
        8.979318677493353e-11,
        0,
        -1,
        0,
        69.40096282958984,
        2.223723888397217,
        4.800000190734863,
        1
      ]
    },
    {
      "mesh": 0,
      "matrix": [
        4.4896641959724086e-11,
        1,
        0,
        0,
        -1,
        4.4896641959724086e-11,
        0,
        0,
        0,
        0,
        1,
        0,
        12.480960845947266,
        1.776271939277649,
        0,
        1
      ]
    },
    {
      "mesh": 1,
      "matrix": [
        1,
        0,
        0,
        0,
        0,
        1,
        0,
        0,
        0,
        0,
        1,
        0,
        13.18096160888672,
        1.776271939277649,
        0,
        1
      ]
    },
    {
      "mesh": 2,
      "matrix": [
        -2.220446049250313e-16,
        -1,
        6.349337028366264e-11,
        0,
        -1,
        -2.220446049250313e-16,
        6.349337028366264e-11,
        0,
        -6.349337028366264e-11,
        -6.349337028366264e-11,
        -1,
        0,
        12.480960845947266,
        1.776271939277649,
        0,
        1
      ]
    },
    {
      "children": [
        8,
        7,
        6
      ],
      "matrix": [
        1,
        0,
        0,
        0,
        0,
        1,
        0,
        0,
        0,
        0,
        1,
        0,
        -21.20096206665039,
        2.223723888397217,
        4.800000190734863,
        1
      ]
    },
    {
      "mesh": 0,
      "matrix": [
        4.4896641959724086e-11,
        1,
        0,
        0,
        -1,
        4.4896641959724086e-11,
        0,
        0,
        0,
        0,
        1,
        0,
        12.480961799621582,
        1.776271939277649,
        0,
        1
      ]
    },
    {
      "mesh": 1,
      "matrix": [
        1,
        0,
        0,
        0,
        0,
        1,
        0,
        0,
        0,
        0,
        1,
        0,
        13.18096160888672,
        1.776271939277649,
        0,
        1
      ]
    },
    {
      "mesh": 2,
      "matrix": [
        -2.220446049250313e-16,
        -1,
        6.349337028366264e-11,
        0,
        -1,
        -2.220446049250313e-16,
        6.349337028366264e-11,
        0,
        -6.349337028366264e-11,
        -6.349337028366264e-11,
        -1,
        0,
        12.480961799621582,
        1.776271939277649,
        0,
        1
      ]
    },
    {
      "children": [
        12,
        11,
        10
      ],
      "matrix": [
        -1,
        0,
        -8.979318677493353e-11,
        0,
        0,
        1,
        0,
        0,
        8.979318677493353e-11,
        0,
        -1,
        0,
        69.35596466064453,
        -41.82627487182617,
        4.125,
        1
      ]
    },
    {
      "mesh": 0,
      "matrix": [
        4.4896641959724086e-11,
        1,
        0,
        0,
        -1,
        4.4896641959724086e-11,
        0,
        0,
        0,
        0,
        1,
        0,
        12.480960845947266,
        1.776271939277649,
        0,
        1
      ]
    },
    {
      "mesh": 1,
      "matrix": [
        1,
        0,
        0,
        0,
        0,
        1,
        0,
        0,
        0,
        0,
        1,
        0,
        13.18096160888672,
        1.776271939277649,
        0,
        1
      ]
    },
    {
      "mesh": 2,
      "matrix": [
        -2.220446049250313e-16,
        -1,
        6.349337028366264e-11,
        0,
        -1,
        -2.220446049250313e-16,
        6.349337028366264e-11,
        0,
        -6.349337028366264e-11,
        -6.349337028366264e-11,
        -1,
        0,
        12.480960845947266,
        1.776271939277649,
        0,
        1
      ]
    },
    {
      "children": [
        16,
        15,
        14
      ],
      "matrix": [
        -1,
        0,
        -8.979318677493353e-11,
        0,
        0,
        1,
        0,
        0,
        8.979318677493353e-11,
        0,
        -1,
        0,
        69.35596466064453,
        46.223724365234375,
        4.125,
        1
      ]
    },
    {
      "mesh": 0,
      "matrix": [
        4.4896641959724086e-11,
        1,
        0,
        0,
        -1,
        4.4896641959724086e-11,
        0,
        0,
        0,
        0,
        1,
        0,
        12.480960845947266,
        1.776271939277649,
        0,
        1
      ]
    },
    {
      "mesh": 1,
      "matrix": [
        1,
        0,
        0,
        0,
        0,
        1,
        0,
        0,
        0,
        0,
        1,
        0,
        13.18096160888672,
        1.776271939277649,
        0,
        1
      ]
    },
    {
      "mesh": 2,
      "matrix": [
        -2.220446049250313e-16,
        -1,
        6.349337028366264e-11,
        0,
        -1,
        -2.220446049250313e-16,
        6.349337028366264e-11,
        0,
        -6.349337028366264e-11,
        -6.349337028366264e-11,
        -1,
        0,
        12.480960845947266,
        1.776271939277649,
        0,
        1
      ]
    },
    {
      "children": [
        20,
        19,
        18
      ],
      "matrix": [
        1,
        0,
        0,
        0,
        0,
        1,
        0,
        0,
        0,
        0,
        1,
        0,
        -21.15596199035645,
        -41.776275634765625,
        4.125,
        1
      ]
    },
    {
      "mesh": 0,
      "matrix": [
        4.4896641959724086e-11,
        1,
        0,
        0,
        -1,
        4.4896641959724086e-11,
        0,
        0,
        0,
        0,
        1,
        0,
        12.480961799621582,
        1.776271939277649,
        0,
        1
      ]
    },
    {
      "mesh": 1,
      "matrix": [
        1,
        0,
        0,
        0,
        0,
        1,
        0,
        0,
        0,
        0,
        1,
        0,
        13.18096160888672,
        1.776271939277649,
        0,
        1
      ]
    },
    {
      "mesh": 2,
      "matrix": [
        -2.220446049250313e-16,
        -1,
        6.349337028366264e-11,
        0,
        -1,
        -2.220446049250313e-16,
        6.349337028366264e-11,
        0,
        -6.349337028366264e-11,
        -6.349337028366264e-11,
        -1,
        0,
        12.480961799621582,
        1.776271939277649,
        0,
        1
      ]
    },
    {
      "children": [
        24,
        23,
        22
      ],
      "matrix": [
        1,
        0,
        0,
        0,
        0,
        -1,
        8.979318677493353e-11,
        0,
        0,
        -8.979318677493353e-11,
        -1,
        0,
        -21.15596199035645,
        49.82627487182617,
        4.125,
        1
      ]
    },
    {
      "mesh": 1,
      "matrix": [
        1,
        0,
        0,
        0,
        0,
        1,
        0,
        0,
        0,
        0,
        1,
        0,
        13.18096160888672,
        1.776271939277649,
        0,
        1
      ]
    },
    {
      "mesh": 3,
      "matrix": [
        4.4896641959724086e-11,
        1,
        0,
        0,
        -1,
        4.4896641959724086e-11,
        0,
        0,
        0,
        0,
        1,
        0,
        12.480961799621582,
        1.776271939277649,
        0,
        1
      ]
    },
    {
      "mesh": 4,
      "matrix": [
        -2.220446049250313e-16,
        -1,
        6.349337028366264e-11,
        0,
        -1,
        -2.220446049250313e-16,
        6.349337028366264e-11,
        0,
        -6.349337028366264e-11,
        -6.349337028366264e-11,
        -1,
        0,
        12.480961799621582,
        1.776271939277649,
        0,
        1
      ]
    },
    {
      "children": [
        33,
        32,
        31,
        30,
        29,
        28,
        27,
        26
      ],
      "matrix": [
        1,
        0,
        0,
        0,
        0,
        1,
        0,
        0,
        0,
        0,
        1,
        0,
        -65.02137756347656,
        -1.3785810470581057,
        0,
        1
      ]
    },
    {
      "mesh": 1,
      "matrix": [
        -2.220446049250313e-16,
        6.349337028366264e-11,
        1,
        0,
        -6.349337028366264e-11,
        -1,
        6.349337028366264e-11,
        0,
        1,
        -6.349337028366264e-11,
        -2.220446049250313e-16,
        0,
        117.17137145996094,
        -23.471416473388675,
        8.100000381469727,
        1
      ]
    },
    {
      "mesh": 1,
      "matrix": [
        -2.220446049250313e-16,
        6.349337028366264e-11,
        1,
        0,
        -6.349337028366264e-11,
        -1,
        6.349337028366264e-11,
        0,
        1,
        -6.349337028366264e-11,
        -2.220446049250313e-16,
        0,
        61.07137298583985,
        -23.421415328979492,
        8.100000381469727,
        1
      ]
    },
    {
      "mesh": 5,
      "matrix": [
        4.4896641959724086e-11,
        1,
        0,
        0,
        -1,
        4.4896641959724086e-11,
        0,
        0,
        0,
        0,
        1,
        0,
        121.09637451171876,
        -38.671417236328125,
        4.900000095367432,
        1
      ]
    },
    {
      "mesh": 5,
      "matrix": [
        4.4896641959724086e-11,
        1,
        0,
        0,
        -1,
        4.4896641959724086e-11,
        0,
        0,
        0,
        0,
        1,
        0,
        64.99637603759766,
        -38.62141418457031,
        4.900000095367432,
        1
      ]
    },
    {
      "mesh": 6,
      "matrix": [
        1,
        0,
        0,
        0,
        0,
        1,
        0,
        0,
        0,
        0,
        1,
        0,
        65.02137756347656,
        -23.421415328979492,
        16.875,
        1
      ]
    },
    {
      "mesh": 6,
      "matrix": [
        1,
        0,
        0,
        0,
        0,
        1,
        0,
        0,
        0,
        0,
        1,
        0,
        65.02137756347656,
        -38.62141418457031,
        12.800000190734863,
        1
      ]
    },
    {
      "mesh": 6,
      "matrix": [
        1,
        0,
        0,
        0,
        0,
        1,
        0,
        0,
        0,
        0,
        1,
        0,
        65.02137756347656,
        -38.62141418457031,
        0,
        1
      ]
    },
    {
      "mesh": 7,
      "matrix": [
        1,
        0,
        0,
        0,
        0,
        1,
        0,
        0,
        0,
        0,
        1,
        0,
        81.02137756347656,
        -23.521419525146488,
        20.075000762939453,
        1
      ]
    },
    {
      "children": [
        42,
        41,
        40,
        39,
        38,
        37,
        36,
        35
      ],
      "matrix": [
        -1,
        8.979318677493353e-11,
        0,
        0,
        -8.979318677493353e-11,
        -1,
        0,
        0,
        0,
        0,
        1,
        0,
        113.22137451171876,
        9.378581047058105,
        0,
        1
      ]
    },
    {
      "mesh": 1,
      "matrix": [
        -2.220446049250313e-16,
        6.349337028366264e-11,
        1,
        0,
        -6.349337028366264e-11,
        -1,
        6.349337028366264e-11,
        0,
        1,
        -6.349337028366264e-11,
        -2.220446049250313e-16,
        0,
        117.17137145996094,
        -23.471416473388675,
        8.100000381469727,
        1
      ]
    },
    {
      "mesh": 1,
      "matrix": [
        -2.220446049250313e-16,
        6.349337028366264e-11,
        1,
        0,
        -6.349337028366264e-11,
        -1,
        6.349337028366264e-11,
        0,
        1,
        -6.349337028366264e-11,
        -2.220446049250313e-16,
        0,
        61.07137298583985,
        -23.421415328979492,
        8.100000381469727,
        1
      ]
    },
    {
      "mesh": 5,
      "matrix": [
        4.4896641959724086e-11,
        1,
        0,
        0,
        -1,
        4.4896641959724086e-11,
        0,
        0,
        0,
        0,
        1,
        0,
        121.09637451171876,
        -38.671417236328125,
        4.900000095367432,
        1
      ]
    },
    {
      "mesh": 6,
      "matrix": [
        1,
        0,
        0,
        0,
        0,
        1,
        0,
        0,
        0,
        0,
        1,
        0,
        65.02137756347656,
        -23.421415328979492,
        16.875,
        1
      ]
    },
    {
      "mesh": 6,
      "matrix": [
        1,
        0,
        0,
        0,
        0,
        1,
        0,
        0,
        0,
        0,
        1,
        0,
        65.02137756347656,
        -38.62141418457031,
        12.800000190734863,
        1
      ]
    },
    {
      "mesh": 8,
      "matrix": [
        4.4896641959724086e-11,
        1,
        0,
        0,
        -1,
        4.4896641959724086e-11,
        0,
        0,
        0,
        0,
        1,
        0,
        64.99637603759766,
        -38.62141418457031,
        4.900000095367432,
        1
      ]
    },
    {
      "mesh": 9,
      "matrix": [
        1,
        0,
        0,
        0,
        0,
        1,
        0,
        0,
        0,
        0,
        1,
        0,
        65.02137756347656,
        -38.62141418457031,
        0,
        1
      ]
    },
    {
      "mesh": 10,
      "matrix": [
        1,
        0,
        0,
        0,
        0,
        1,
        0,
        0,
        0,
        0,
        1,
        0,
        81.02137756347656,
        -23.521419525146488,
        20.075000762939453,
        1
      ]
    },
    {
      "children": [
        69,
        68,
        67,
        66,
        65,
        64,
        63,
        62,
        61,
        60,
        59,
        58,
        57,
        56,
        55,
        54,
        53,
        52,
        51,
        50,
        49,
        48,
        47,
        46,
        45,
        44
      ],
      "matrix": [
        1,
        0,
        0,
        0,
        0,
        1,
        0,
        0,
        0,
        0,
        1,
        0,
        13.552738189697266,
        -51.06599044799805,
        21.93687438964844,
        1
      ]
    },
    {
      "mesh": 11
    },
    {
      "mesh": 12,
      "matrix": [
        -0.13002964854240417,
        -0.9876720309257508,
        -0.08715619891881943,
        0,
        0.011375860311090948,
        0.08641060441732407,
        -0.9961946606636048,
        0,
        0.9914448261260986,
        -0.1305263191461563,
        -3.214637160908751e-7,
        0,
        2.604382038116455,
        3.816840887069702,
        -1.660254955291748,
        1
      ]
    },
    {
      "mesh": 13,
      "matrix": [
        0.1226549744606018,
        0.9316533207893372,
        0.342020183801651,
        0,
        0.0446433462202549,
        0.3390940427780152,
        -0.9396926164627076,
        0,
        -0.991444766521454,
        0.13052690029144287,
        -5.518333523468755e-7,
        0,
        5.354506015777588,
        -31.987491607666016,
        -5.955254077911377,
        1
      ]
    },
    {
      "mesh": 14,
      "matrix": [
        -0.2033870965242386,
        0.9174181222915648,
        0.3420199453830719,
        0,
        -0.07402758300304413,
        0.33391252160072327,
        -0.9396926760673524,
        0,
        -0.9762958884239196,
        -0.21644027531147003,
        7.5017624112661e-7,
        0,
        25.38386344909668,
        -30.35870742797852,
        -5.955254077911377,
        1
      ]
    },
    {
      "mesh": 15,
      "matrix": [
        -1,
        0,
        -8.979318677493353e-11,
        0,
        0,
        1,
        0,
        0,
        8.979318677493353e-11,
        0,
        -1,
        0,
        23.5,
        0,
        30,
        1
      ]
    },
    {
      "mesh": 16,
      "matrix": [
        3.456146480118605e-11,
        1,
        -3.4561353778883586e-11,
        0,
        -3.4561353778883586e-11,
        3.456146480118605e-11,
        1,
        0,
        1,
        -3.4561353778883586e-11,
        3.456146480118605e-11,
        0,
        10,
        -6.5,
        28.599998474121094,
        1
      ]
    },
    {
      "mesh": 17,
      "matrix": [
        4.4896641959724086e-11,
        -1,
        0,
        0,
        1,
        4.4896641959724086e-11,
        0,
        0,
        0,
        0,
        1,
        0,
        10,
        5.5,
        22.099998474121094,
        1
      ]
    },
    {
      "mesh": 18,
      "matrix": [
        -0.8711552619934082,
        0.14487874507904053,
        0.4691467583179474,
        0,
        0.4709031879901886,
        -0.024089572951197624,
        0.8818559050559998,
        0,
        0.1390637308359146,
        0.9891561269760132,
        -0.04723810777068138,
        0,
        34.12458419799805,
        2.0186500549316406,
        40.44918823242188,
        1
      ]
    },
    {
      "mesh": 19,
      "matrix": [
        0.03758383542299271,
        -0.16953255236148837,
        0.9848076701164246,
        0,
        0.9762959480285645,
        0.21643976867198944,
        6.481365062427358e-7,
        0,
        -0.21315166354179385,
        0.961463749408722,
        0.17364858090877533,
        0,
        18.02637100219727,
        -33.20896530151367,
        -13.603891372680664,
        1
      ]
    },
    {
      "mesh": 20,
      "matrix": [
        0.9902616739273072,
        -0.1392187625169754,
        8.736023460187425e-7,
        0,
        -0.006575583480298519,
        -0.046778324991464615,
        -0.9988836646080016,
        0,
        0.13906338810920715,
        0.989156186580658,
        -0.04723822697997093,
        0,
        27.79962730407715,
        0.5489199757575989,
        29.15827178955078,
        1
      ]
    },
    {
      "mesh": 20,
      "matrix": [
        0.9775428175926208,
        -2.199814019832047e-7,
        0.2107368111610413,
        0,
        -0.07141555100679398,
        0.9408274292945862,
        0.3312755823135376,
        0,
        -0.19826705753803253,
        -0.3388859629631043,
        0.9196991324424744,
        0,
        -5.180057048797607,
        -1.384421944618225,
        14.230175018310549,
        1
      ]
    },
    {
      "mesh": 20,
      "matrix": [
        1,
        0,
        0,
        0,
        0,
        0.1736481785774231,
        -0.9848077297210692,
        0,
        0,
        0.9848077297210692,
        0.1736481785774231,
        0,
        18,
        1.7823519706726076,
        21.844480514526367,
        1
      ]
    },
    {
      "mesh": 21,
      "matrix": [
        0.4709029197692871,
        -0.02408908493816853,
        0.8818560838699341,
        0,
        -0.13906320929527283,
        -0.989156186580658,
        0.04723832756280899,
        0,
        0.8711555004119873,
        -0.14487840235233307,
        -0.4691464304924011,
        0,
        28.328067779541016,
        4.307713031768799,
        28.97876358032227,
        1
      ]
    },
    {
      "mesh": 21,
      "matrix": [
        0.4754718840122223,
        -0.85378098487854,
        -0.21209552884101868,
        0,
        -0.19826681911945343,
        -0.3388859629631043,
        0.9196991920471193,
        0,
        -0.857097864151001,
        -0.3952395915985108,
        -0.33040717244148254,
        0,
        -5.933469772338867,
        -2.6721880435943604,
        17.725032806396484,
        1
      ]
    },
    {
      "mesh": 21,
      "matrix": [
        0.843391478061676,
        -0.0933019518852234,
        0.529136598110199,
        0,
        -9.645300451666117e-7,
        -0.9848077297210692,
        -0.17364829778671265,
        0,
        0.5372995138168335,
        0.14645299315452576,
        -0.8305785655975342,
        0,
        18,
        5.475379943847656,
        22.49566078186035,
        1
      ]
    },
    {
      "mesh": 22,
      "matrix": [
        -1,
        8.945149482242343e-11,
        7.826011540201794e-12,
        0,
        -8.945149482242343e-11,
        -0.9848076701164246,
        -0.1736486256122589,
        0,
        -7.826011540201794e-12,
        -0.1736486256122589,
        0.9848076701164246,
        0,
        18,
        5.5,
        22.5,
        1
      ]
    },
    {
      "mesh": 23,
      "matrix": [
        -0.8433918356895447,
        0.09330099821090698,
        -0.5291362404823303,
        0,
        -0.13906343281269073,
        -0.9891561269760132,
        0.047238703817129135,
        0,
        -0.5189909338951111,
        0.11342424154281616,
        0.8472209572792053,
        0,
        28.3315486907959,
        4.332442760467529,
        28.977584838867188,
        1
      ]
    },
    {
      "mesh": 23,
      "matrix": [
        0.6427872776985168,
        0.663414478302002,
        0.3830219209194184,
        0,
        -0.19826658070087436,
        -0.3388858139514923,
        0.919699251651764,
        0,
        0.7399424910545349,
        -0.6671113967895508,
        -0.08629857748746872,
        0,
        -5.938426971435547,
        -2.6806600093841557,
        17.748023986816406,
        1
      ]
    },
    {
      "mesh": 23,
      "matrix": [
        1,
        0,
        0,
        0,
        0,
        0.5,
        -0.8660253882408142,
        0,
        0,
        0.8660253882408142,
        0.5,
        0,
        2,
        5.5,
        22.5,
        1
      ]
    },
    {
      "mesh": 24,
      "matrix": [
        -0.04464307427406311,
        -0.33909428119659424,
        0.9396925568580629,
        0,
        0.9914449453353882,
        -0.13052575290203097,
        6.52237361009611e-7,
        0,
        0.12265385687351228,
        0.9316534399986268,
        0.3420203924179077,
        0,
        -2.40352201461792,
        -31.15742874145508,
        -14.644126892089844,
        1
      ]
    },
    {
      "mesh": 25,
      "matrix": [
        0.21561549603939056,
        -0.9725809693336488,
        -0.08715611696243286,
        0,
        -0.01886381022632122,
        0.08509021997451782,
        -0.9961946606636048,
        0,
        0.9762961268424988,
        0.21643909811973572,
        1.863379850419733e-7,
        0,
        -5.652723789215088,
        -1.247143030166626,
        -1.660254955291748,
        1
      ]
    },
    {
      "mesh": 26,
      "matrix": [
        1.8242067412188593e-8,
        0.9396926760673524,
        -0.3420200645923615,
        0,
        -1.2773234026042246e-8,
        0.3420200645923615,
        0.9396926760673524,
        0,
        1,
        -1.2773234026042246e-8,
        1.8242067412188593e-8,
        0,
        10.379623413085938,
        -2.432040929794312,
        37.46723556518555,
        1
      ]
    },
    {
      "mesh": 27,
      "matrix": [
        1,
        0,
        0,
        0,
        0,
        1,
        0,
        0,
        0,
        0,
        1,
        0,
        10,
        5.5,
        28.099998474121094,
        1
      ]
    },
    {
      "mesh": 28,
      "matrix": [
        0.39905035495758057,
        -0.005546469241380692,
        0.9169122576713562,
        0,
        0.47547221183776855,
        -0.8537808656692505,
        -0.21209536492824557,
        0,
        0.7840184569358826,
        0.5206030011177063,
        -0.33806437253952026,
        0,
        -1.367920994758606,
        -14.727169036865236,
        15.66512680053711,
        1
      ]
    },
    {
      "mesh": 29,
      "matrix": [
        -0.642786979675293,
        -0.6634142994880676,
        -0.38302257657051086,
        0,
        -6.278991122599109e-7,
        -0.4999997019767761,
        0.8660255670547485,
        0,
        -0.7660449743270874,
        0.5566702485084534,
        0.3213928937911988,
        0,
        2,
        5.512500762939453,
        22.478347778320316,
        1
      ]
    },
    {
      "mesh": 30,
      "matrix": [
        1,
        0,
        0,
        0,
        0,
        0.8660253882408142,
        0.5,
        0,
        0,
        -0.5,
        0.8660253882408142,
        0,
        2,
        7.387500762939453,
        19.23075675964356,
        1
      ]
    },
    {
      "children": [
        76,
        75,
        74,
        73,
        72,
        71
      ],
      "matrix": [
        1,
        0,
        0,
        0,
        0,
        1,
        0,
        0,
        0,
        0,
        1,
        0,
        15.216178894042969,
        5.135149002075195,
        30.125,
        1
      ]
    },
    {
      "mesh": 31,
      "matrix": [
        1,
        0,
        0,
        0,
        0,
        -1,
        8.979318677493353e-11,
        0,
        0,
        -8.979318677493353e-11,
        -1,
        0,
        8.88382339477539,
        -1.1351490020751953,
        43.75,
        1
      ]
    },
    {
      "mesh": 31,
      "matrix": [
        0.9914448857307434,
        -0.13052617013454437,
        0,
        0,
        0.13052617013454437,
        0.9914448857307434,
        0,
        0,
        0,
        0,
        1,
        0,
        8.88382339477539,
        -1.1351490020751953,
        36.55000305175781,
        1
      ]
    },
    {
      "mesh": 31,
      "matrix": [
        1,
        0,
        0,
        0,
        0,
        -1,
        8.979318677493353e-11,
        0,
        0,
        -8.979318677493353e-11,
        -1,
        0,
        8.88382339477539,
        -1.1351490020751953,
        14.050003051757812,
        1
      ]
    },
    {
      "mesh": 32
    },
    {
      "mesh": 33,
      "matrix": [
        1,
        0,
        0,
        0,
        0,
        1,
        0,
        0,
        0,
        0,
        1,
        0,
        9.999999974752427e-7,
        0,
        43.75,
        1
      ]
    },
    {
      "mesh": 34,
      "matrix": [
        4.4896641959724086e-11,
        -1,
        0,
        0,
        1,
        4.4896641959724086e-11,
        0,
        0,
        0,
        0,
        1,
        0,
        10.018969535827637,
        7.748672008514404,
        2.950005054473877,
        1
      ]
    },
    {
      "children": [
        81,
        80,
        79,
        78
      ],
      "matrix": [
        0.3826833367347718,
        2.3867574583391615e-9,
        -0.9238795638084412,
        0,
        -0.9238795638084412,
        3.5720346680534476e-9,
        -0.3826833367347718,
        0,
        2.3867574583391615e-9,
        1,
        3.5720346680534476e-9,
        0,
        19.65156745910645,
        -27.799999237060547,
        31.773178100585938,
        1
      ]
    },
    {
      "mesh": 35
    },
    {
      "mesh": 36,
      "matrix": [
        4.4896641959724086e-11,
        1,
        0,
        0,
        -1,
        4.4896641959724086e-11,
        0,
        0,
        0,
        0,
        1,
        0,
        7.748672962188721,
        -10.018969535827637,
        0,
        1
      ]
    },
    {
      "mesh": 37,
      "matrix": [
        -1,
        8.979318677493353e-11,
        0,
        0,
        -8.979318677493353e-11,
        -1,
        0,
        0,
        0,
        0,
        1,
        0,
        17.76764488220215,
        -2.2702980041503906,
        56.400001525878906,
        1
      ]
    },
    {
      "mesh": 38,
      "matrix": [
        1,
        0,
        0,
        0,
        0,
        -1,
        8.979318677493353e-11,
        0,
        0,
        -8.979318677493353e-11,
        -1,
        0,
        0,
        -2.2702980041503906,
        25.700000762939453,
        1
      ]
    },
    {
      "children": [
        84,
        83
      ],
      "matrix": [
        3.456146480118605e-11,
        3.4561353778883586e-11,
        1,
        0,
        -1,
        3.456146480118605e-11,
        3.4561353778883586e-11,
        0,
        -3.4561353778883586e-11,
        -1,
        3.456146480118605e-11,
        0,
        44.099998474121094,
        -8.800000190734863,
        54.29999923706055,
        1
      ]
    },
    {
      "mesh": 39
    },
    {
      "mesh": 40,
      "matrix": [
        -0.7071076035499573,
        -0.7071059942245483,
        -8.295810566272266e-11,
        0,
        -0.7071059942245483,
        0.7071076035499573,
        -3.436231854614391e-11,
        0,
        8.295810566272266e-11,
        3.436231854614391e-11,
        -1,
        0,
        0.10000599920749664,
        4,
        1.5499999523162842,
        1
      ]
    },
    {
      "children": [
        87,
        86
      ],
      "matrix": [
        3.456146480118605e-11,
        3.4561353778883586e-11,
        1,
        0,
        -1,
        3.456146480118605e-11,
        3.4561353778883586e-11,
        0,
        -3.4561353778883586e-11,
        -1,
        3.456146480118605e-11,
        0,
        12.100000381469728,
        -8.800000190734863,
        54.29999923706055,
        1
      ]
    },
    {
      "mesh": 41
    },
    {
      "mesh": 42,
      "matrix": [
        -0.7071076035499573,
        -0.7071059942245483,
        -8.295810566272266e-11,
        0,
        -0.7071059942245483,
        0.7071076035499573,
        -3.436231854614391e-11,
        0,
        8.295810566272266e-11,
        3.436231854614391e-11,
        -1,
        0,
        0.10000599920749664,
        4,
        1.5499999523162842,
        1
      ]
    },
    {
      "mesh": 43,
      "matrix": [
        4.4896641959724086e-11,
        1,
        0,
        0,
        -1,
        4.4896641959724086e-11,
        0,
        0,
        0,
        0,
        1,
        0,
        12.100000381469728,
        51.900001525878906,
        19.200000762939453,
        1
      ]
    },
    {
      "mesh": 44,
      "matrix": [
        4.4896641959724086e-11,
        1,
        0,
        0,
        -1,
        4.4896641959724086e-11,
        0,
        0,
        0,
        0,
        1,
        0,
        36.099998474121094,
        51.900001525878906,
        19.200000762939453,
        1
      ]
    },
    {
      "mesh": 45,
      "matrix": [
        3.456146480118605e-11,
        1,
        3.4561353778883586e-11,
        0,
        -3.4561353778883586e-11,
        3.456146480118605e-11,
        -1,
        0,
        -1,
        3.4561353778883586e-11,
        3.456146480118605e-11,
        0,
        56.06999969482422,
        -69.26136779785156,
        49.42351150512695,
        1
      ]
    },
    {
      "mesh": 45,
      "matrix": [
        3.456146480118605e-11,
        1,
        -3.4561353778883586e-11,
        0,
        -3.4561353778883586e-11,
        3.456146480118605e-11,
        1,
        0,
        1,
        -3.4561353778883586e-11,
        3.456146480118605e-11,
        0,
        -7.75,
        -69.26136779785156,
        49.42351150512695,
        1
      ]
    },
    {
      "mesh": 45,
      "matrix": [
        1,
        0,
        0,
        0,
        0,
        -0.9961947202682496,
        -0.08715574443340302,
        0,
        0,
        0.08715574443340302,
        -0.9961947202682496,
        0,
        -4.519999980926514,
        3.638303995132447,
        60.13420867919922,
        1
      ]
    },
    {
      "mesh": 46,
      "matrix": [
        1,
        0,
        0,
        0,
        0,
        1,
        0,
        0,
        0,
        0,
        1,
        0,
        8.0600004196167,
        20,
        4.800000190734863,
        1
      ]
    },
    {
      "mesh": 46,
      "matrix": [
        1,
        0,
        0,
        0,
        0,
        1,
        0,
        0,
        0,
        0,
        1,
        0,
        8.0600004196167,
        20,
        20.799999237060547,
        1
      ]
    },
    {
      "mesh": 46,
      "matrix": [
        1,
        0,
        0,
        0,
        0,
        1,
        0,
        0,
        0,
        0,
        1,
        0,
        40.13999938964844,
        20,
        4.800000190734863,
        1
      ]
    },
    {
      "mesh": 46,
      "matrix": [
        1,
        0,
        0,
        0,
        0,
        1,
        0,
        0,
        0,
        0,
        1,
        0,
        40.13999938964844,
        20,
        20.799999237060547,
        1
      ]
    },
    {
      "mesh": 46,
      "matrix": [
        1,
        0,
        0,
        0,
        0,
        1,
        0,
        0,
        0,
        0,
        1,
        0,
        48.13999938964844,
        20,
        36.79999923706055,
        1
      ]
    },
    {
      "mesh": 1,
      "matrix": [
        -1,
        5.0900006431930927e-11,
        -7.397300133549223e-11,
        0,
        -5.0900006431930927e-11,
        0.357343465089798,
        0.9339730739593506,
        0,
        7.397300133549223e-11,
        0.9339730739593506,
        -0.357343465089798,
        0,
        40.220001220703125,
        -68,
        4.800000190734863,
        1
      ]
    },
    {
      "mesh": 1,
      "matrix": [
        1,
        0,
        0,
        0,
        0,
        0.35734301805496216,
        0.93397319316864,
        0,
        0,
        -0.93397319316864,
        0.35734301805496216,
        0,
        7.980000019073486,
        -68,
        4.800000190734863,
        1
      ]
    },
    {
      "mesh": 1,
      "matrix": [
        -1,
        7.397300133549223e-11,
        5.0900006431930927e-11,
        0,
        -7.397300133549223e-11,
        -0.357343465089798,
        -0.9339730739593506,
        0,
        -5.0900006431930927e-11,
        -0.9339730739593506,
        0.357343465089798,
        0,
        0.30000001192092896,
        -59.530967712402344,
        26.93516349792481,
        1
      ]
    },
    {
      "mesh": 1,
      "matrix": [
        1,
        0,
        0,
        0,
        0,
        -0.35734301805496216,
        -0.93397319316864,
        0,
        0,
        0.93397319316864,
        -0.35734301805496216,
        0,
        48.02000045776367,
        -59.530967712402344,
        26.93516349792481,
        1
      ]
    },
    {
      "mesh": 1,
      "matrix": [
        -1,
        6.620247405830781e-11,
        -6.066339791610531e-11,
        0,
        -6.620247405830781e-11,
        -0.08715558797121048,
        0.9961947202682496,
        0,
        6.066339791610531e-11,
        0.9961947202682496,
        0.08715558797121048,
        0,
        40.220001220703125,
        4,
        56,
        1
      ]
    },
    {
      "mesh": 31,
      "matrix": [
        4.104824924411332e-8,
        -0.357342928647995,
        -0.9339732527732848,
        0,
        2.221569559424097e-7,
        -0.9339732527732848,
        0.357342928647995,
        0,
        -1,
        -2.221569559424097e-7,
        4.104824924411332e-8,
        0,
        27.969999313354492,
        -90.13516235351564,
        13.269030570983888,
        1
      ]
    },
    {
      "mesh": 47,
      "matrix": [
        1,
        0,
        0,
        0,
        0,
        0.10452846437692642,
        -0.9945219159126282,
        0,
        0,
        0.9945219159126282,
        0.10452846437692642,
        0,
        -13.283821105957031,
        -64.31928253173828,
        48.801544189453125,
        1
      ]
    },
    {
      "mesh": 35,
      "matrix": [
        1,
        0,
        0,
